-300  54.572 115.930  14.989  76.734 256.727   0.001   0.010  -0.002   0.011 1136.029   0.010
-299  54.515 115.977  14.992  76.715 256.254   0.001   0.010  -0.002   0.012 1136.029   0.010
-298  54.457 116.025  14.996  76.695 255.782   0.001   0.010  -0.000   0.012 1136.029   0.010
-297  54.400 116.072  14.999  76.676 255.311   0.001   0.010   0.005   0.012 1136.029   0.010
-296  54.343 116.119  15.002  76.657 254.842   0.001   0.010   0.006   0.012 1136.029   0.010
-295  54.286 116.166  15.006  76.638 254.375   0.000   0.010   0.010   0.012 1136.029   0.010
-294  54.229 116.213  15.009  76.619 253.908  -0.000   0.010   0.015   0.012 1136.029   0.010
-293  54.171 116.260  15.013  76.600 253.444  -0.000   0.010   0.011   0.013 1136.029   0.010
-292  54.114 116.306  15.016  76.581 252.980  -0.001   0.010  -0.002   0.013 1136.029   0.010
-291  54.057 116.353  15.019  76.562 252.518  -0.000   0.010  -0.006   0.014 1136.029   0.010
-290  53.999 116.399  15.023  76.543 252.057  -0.000   0.010  -0.006   0.014 1136.029   0.010
-289  53.942 116.446  15.026  76.524 251.598   0.000   0.010  -0.006   0.014 1136.029   0.010
-288  53.885 116.492  15.029  76.505 251.140   0.000   0.010  -0.008   0.012 1136.029   0.010
-287  53.827 116.538  15.033  76.486 250.684   0.000   0.010  -0.012   0.011 1136.029   0.010
-286  53.769 116.584  15.036  76.467 250.229   0.000   0.010  -0.013   0.011 1136.029   0.010
-285  53.712 116.629  15.039  76.448 249.775  -0.000   0.010  -0.013   0.011 1136.029   0.010
-284  53.654 116.675  15.043  76.429 249.323  -0.000   0.010  -0.013   0.012 1136.029   0.010
-283  53.597 116.720  15.046  76.410 248.872  -0.000   0.010  -0.010   0.012 1136.029   0.010
-282  53.539 116.766  15.049  76.391 248.423  -0.000   0.010  -0.002   0.012 1136.029   0.010
-281  53.481 116.811  15.053  76.372 247.975  -0.001   0.010   0.000   0.012 1136.029   0.010
-280  53.424 116.856  15.056  76.353 247.528  -0.001   0.010   0.000   0.012 1136.029   0.010
-279  53.366 116.901  15.059  76.334 247.083  -0.001   0.010   0.000   0.011 1136.029   0.010
-278  53.308 116.946  15.062  76.315 246.639  -0.001   0.010   0.001   0.011 1136.029   0.010
-277  53.250 116.991  15.066  76.296 246.197  -0.001   0.010   0.003   0.010 1136.029   0.010
-276  53.192 117.036  15.069  76.277 245.756  -0.001   0.010   0.003   0.010 1136.029   0.010
-275  53.134 117.080  15.072  76.259 245.316  -0.000   0.010   0.003   0.010 1136.029   0.010
-274  53.076 117.125  15.075  76.240 244.878  -0.000   0.010   0.003   0.010 1136.029   0.010
-273  53.018 117.169  15.079  76.221 244.442   0.000   0.010   0.004   0.010 1136.029   0.010
-272  52.960 117.213  15.082  76.202 244.006   0.000   0.010   0.005   0.011 1136.029   0.010
-271  52.902 117.257  15.085  76.183 243.573   0.000   0.010   0.005   0.012 1136.029   0.010
-270  52.844 117.301  15.088  76.164 243.140   0.001   0.010   0.005   0.013 1136.029   0.010
-269  52.786 117.345  15.091  76.146 242.709   0.001   0.010   0.005   0.014 1136.029   0.010
-268  52.728 117.389  15.095  76.127 242.280   0.001   0.010   0.010   0.013 1136.029   0.010
-267  52.670 117.432  15.098  76.108 241.852   0.001   0.010   0.021   0.015 1136.029   0.010
-266  52.611 117.476  15.101  76.089 241.425   0.000   0.010   0.024   0.017 1136.029   0.010
-265  52.553 117.519  15.104  76.071 241.000   0.000   0.010   0.024   0.018 1136.029   0.010
-264  52.495 117.562  15.107  76.052 240.576  -0.000   0.010   0.024   0.020 1136.029   0.010
-263  52.437 117.606  15.110  76.033 240.153  -0.000   0.010   0.014   0.021 1136.029   0.010
-262  52.378 117.649  15.114  76.014 239.732  -0.000   0.010  -0.009   0.021 1136.029   0.010
-261  52.320 117.692  15.117  75.996 239.313  -0.000   0.010  -0.016   0.021 1136.029   0.010
-260  52.261 117.734  15.120  75.977 238.895  -0.000   0.010  -0.016   0.019 1136.029   0.010
-259  52.203 117.777  15.123  75.958 238.478  -0.000   0.010  -0.016   0.017 1136.029   0.010
-258  52.144 117.820  15.126  75.940 238.063   0.000   0.010  -0.015   0.013 1136.029   0.010
-257  52.086 117.862  15.129  75.921 237.649   0.000   0.010  -0.013   0.010 1136.029   0.010
-256  52.027 117.904  15.132  75.902 237.237   0.000   0.010  -0.012   0.010 1136.029   0.010
-255  51.969 117.947  15.135  75.884 236.826   0.000   0.010  -0.012   0.011 1136.029   0.010
-254  51.910 117.989  15.138  75.865 236.416   0.001   0.010  -0.012   0.011 1136.029   0.010
-253  51.852 118.031  15.142  75.847 236.008   0.001   0.010  -0.010   0.011 1136.029   0.010
-252  51.793 118.073  15.145  75.828 235.602   0.001   0.010  -0.007   0.014 1136.029   0.010
-251  51.734 118.115  15.148  75.809 235.197   0.001   0.010  -0.006   0.017 1136.029   0.010
-250  51.675 118.156  15.151  75.791 234.793   0.001   0.010  -0.006   0.019 1136.029   0.010
-249  51.617 118.198  15.154  75.772 234.391   0.000   0.010  -0.006   0.019 1136.029   0.010
-248  51.558 118.239  15.157  75.754 233.990   0.000   0.010   0.002   0.019 1136.029   0.010
-247  51.499 118.281  15.160  75.735 233.590   0.001   0.010   0.022   0.018 1136.029   0.010
-246  51.440 118.322  15.163  75.717 233.192   0.001   0.010   0.028   0.018 1136.029   0.010
-245  51.381 118.363  15.166  75.698 232.796   0.002   0.010   0.028   0.018 1136.029   0.010
-244  51.322 118.404  15.169  75.680 232.401   0.003   0.010   0.028   0.018 1136.029   0.010
-243  51.263 118.445  15.172  75.661 232.007   0.003   0.010   0.020   0.019 1136.029   0.010
-242  51.204 118.486  15.175  75.643 231.615   0.004   0.010   0.001   0.020 1136.029   0.010
-241  51.145 118.527  15.178  75.625 231.224   0.004   0.010  -0.004   0.020 1136.029   0.010
-240  51.086 118.568  15.181  75.606 230.835   0.005   0.010  -0.004   0.018 1136.029   0.010
-239  51.027 118.608  15.184  75.588 230.447   0.005   0.010  -0.004   0.016 1136.029   0.010
-238  50.968 118.649  15.187  75.569 230.061   0.005   0.010  -0.005   0.013 1136.029   0.010
-237  50.909 118.689  15.190  75.551 229.676   0.005   0.010  -0.007   0.010 1136.029   0.010
-236  50.850 118.729  15.193  75.533 229.293   0.005   0.010  -0.008   0.010 1136.029   0.010
-235  50.790 118.769  15.196  75.514 228.911   0.005   0.010  -0.007   0.010 1136.029   0.010
-234  50.731 118.809  15.199  75.496 228.530   0.004   0.010  -0.007   0.011 1136.029   0.010
-233  50.672 118.849  15.202  75.478 228.151   0.004   0.010  -0.005   0.011 1136.029   0.010
-232  50.613 118.889  15.204  75.459 227.773   0.004   0.010  -0.002   0.011 1136.029   0.010
-231  50.553 118.929  15.207  75.441 227.397   0.004   0.010  -0.001   0.011 1136.029   0.010
-230  50.494 118.968  15.210  75.423 227.023   0.003   0.010  -0.001   0.010 1136.029   0.010
-229  50.434 119.008  15.213  75.405 226.649   0.003   0.010  -0.001   0.010 1136.029   0.010
-228  50.375 119.047  15.216  75.386 226.278   0.002   0.010  -0.002   0.010 1136.029   0.010
-227  50.316 119.087  15.219  75.368 225.907   0.002   0.010  -0.004   0.011 1136.029   0.010
-226  50.256 119.126  15.222  75.350 225.539   0.002   0.010  -0.004   0.012 1136.029   0.010
-225  50.197 119.165  15.225  75.332 225.171   0.002   0.010  -0.004   0.013 1136.029   0.010
-224  50.137 119.204  15.228  75.313 224.805   0.002   0.010  -0.004   0.013 1136.029   0.010
-223  50.078 119.243  15.230  75.295 224.441   0.002   0.010  -0.000   0.013 1136.029   0.010
-222  50.018 119.282  15.233  75.277 224.078   0.002   0.010   0.010   0.014 1136.029   0.010
-221  49.958 119.320  15.236  75.259 223.716   0.001   0.010   0.013   0.014 1136.029   0.010
-220  49.899 119.359  15.239  75.241 223.356   0.001   0.010   0.013   0.014 1136.029   0.010
-219  49.839 119.398  15.242  75.223 222.998   0.001   0.010   0.013   0.013 1136.029   0.010
-218  49.779 119.436  15.245  75.205 222.641   0.000   0.010   0.015   0.012 1136.029   0.010
-217  49.720 119.474  15.248  75.187 222.285   0.001   0.010   0.019   0.011 1136.029   0.010
-216  49.660 119.513  15.250  75.169 221.931   0.001   0.010   0.021   0.012 1136.029   0.010
-215  49.600 119.551  15.253  75.150 221.578   0.002   0.010   0.021   0.013 1136.029   0.010
-214  49.540 119.589  15.256  75.132 221.227   0.002   0.010   0.020   0.013 1136.029   0.010
-213  49.480 119.627  15.259  75.114 220.877   0.002   0.010   0.016   0.014 1136.029   0.010
-212  49.420 119.665  15.262  75.096 220.529   0.003   0.010   0.005   0.014 1136.029   0.010
-211  49.361 119.703  15.264  75.078 220.182   0.003   0.010   0.002   0.014 1136.029   0.010
-210  49.301 119.740  15.267  75.060 219.837   0.002   0.010   0.002   0.013 1136.029   0.010
-209  49.241 119.778  15.270  75.043 219.493   0.002   0.010   0.002   0.012 1136.029   0.010
-208  49.181 119.815  15.273  75.025 219.151   0.002   0.010   0.001   0.011 1136.029   0.010
-207  49.121 119.853  15.275  75.007 218.810   0.002   0.010   0.001   0.011 1136.029   0.010
-206  49.061 119.890  15.278  74.989 218.470   0.002   0.010   0.001   0.013 1136.029   0.010
-205  49.001 119.927  15.281  74.971 218.132   0.002   0.010   0.001   0.014 1136.029   0.010
-204  48.940 119.964  15.284  74.953 217.796   0.002   0.010   0.001   0.015 1136.029   0.010
-203  48.880 120.001  15.286  74.935 217.461   0.001   0.010   0.006   0.014 1136.029   0.010
-202  48.820 120.038  15.289  74.917 217.128   0.001   0.010   0.019   0.016 1136.029   0.010
-201  48.760 120.075  15.292  74.899 216.796   0.001   0.010   0.022   0.018 1136.029   0.010
-200  48.700 120.112  15.295  74.882 216.465   0.001   0.010   0.022   0.021 1136.029   0.010
-199  48.640 120.149  15.297  74.864 216.136   0.001   0.010   0.022   0.022 1136.029   0.010
-198  48.579 120.185  15.300  74.846 215.809   0.000   0.010   0.011   0.024 1136.029   0.010
-197  48.519 120.222  15.303  74.828 215.482   0.001   0.010  -0.016   0.025 1136.029   0.010
-196  48.459 120.258  15.305  74.810 215.158   0.001   0.010  -0.023   0.024 1136.029   0.010
-195  48.398 120.295  15.308  74.793 214.835   0.002   0.010  -0.023   0.022 1136.029   0.010
-194  48.338 120.331  15.311  74.775 214.513   0.003   0.010  -0.023   0.019 1136.029   0.010
-193  48.278 120.367  15.314  74.757 214.193   0.003   0.010  -0.023   0.015 1136.029   0.010
-192  48.217 120.403  15.316  74.740 213.875   0.003   0.010  -0.022   0.011 1136.029   0.010
-191  48.157 120.439  15.319  74.722 213.557   0.003   0.010  -0.022   0.012 1136.029   0.010
-190  48.096 120.475  15.322  74.704 213.242   0.003   0.010  -0.022   0.013 1136.029   0.010
-189  48.036 120.511  15.324  74.687 212.928   0.003   0.010  -0.022   0.013 1136.029   0.010
-188  47.975 120.546  15.327  74.669 212.615   0.003   0.010  -0.018   0.014 1136.029   0.010
-187  47.915 120.582  15.329  74.651 212.304   0.003   0.010  -0.008   0.015 1136.029   0.010
-186  47.854 120.618  15.332  74.634 211.994   0.003   0.010  -0.005   0.016 1136.029   0.010
-185  47.794 120.653  15.335  74.616 211.686   0.002   0.010  -0.005   0.016 1136.029   0.010
-184  47.733 120.688  15.337  74.599 211.380   0.002   0.010  -0.005   0.016 1136.029   0.010
-183  47.672 120.724  15.340  74.581 211.074   0.002   0.010  -0.001   0.015 1136.029   0.010
-182  47.612 120.759  15.343  74.564 210.771   0.002   0.010   0.010   0.013 1136.029   0.010
-181  47.551 120.794  15.345  74.546 210.469   0.002   0.010   0.013   0.013 1136.029   0.010
-180  47.490 120.829  15.348  74.529 210.168   0.002   0.010   0.013   0.012 1136.029   0.010
-179  47.430 120.864  15.350  74.511 209.869   0.002   0.010   0.013   0.012 1136.029   0.010
-178  47.369 120.899  15.353  74.494 209.571   0.003   0.010   0.010   0.011 1136.029   0.010
-177  47.308 120.934  15.356  74.476 209.275   0.003   0.010   0.002   0.012 1136.029   0.010
-176  47.247 120.968  15.358  74.459 208.980   0.002   0.010  -0.000   0.013 1136.029   0.010
-175  47.186 121.003  15.361  74.442 208.687   0.002   0.010   0.002   0.014 1136.029   0.010
-174  47.126 121.037  15.363  74.424 208.396   0.001   0.010   0.006   0.014 1136.029   0.010
-173  47.065 121.072  15.366  74.407 208.106   0.001   0.010   0.012   0.014 1136.029   0.010
-172  47.004 121.106  15.369  74.389 207.817   0.001   0.010   0.022   0.014 1136.029   0.010
-171  46.943 121.141  15.371  74.372 207.530   0.001   0.010   0.025   0.015 1136.029   0.010
-170  46.882 121.175  15.374  74.355 207.244   0.002   0.010   0.025   0.014 1136.029   0.010
-169  46.821 121.209  15.376  74.337 206.960   0.002   0.010   0.025   0.015 1136.029   0.010
-168  46.760 121.243  15.379  74.320 206.678   0.003   0.010   0.019   0.015 1136.029   0.010
-167  46.699 121.277  15.381  74.303 206.396   0.003   0.010   0.006   0.016 1136.029   0.010
-166  46.638 121.311  15.384  74.286 206.117   0.003   0.010   0.002   0.016 1136.029   0.010
-165  46.577 121.345  15.386  74.268 205.839   0.004   0.010   0.002   0.015 1136.029   0.010
-164  46.516 121.378  15.389  74.251 205.562   0.004   0.010   0.002   0.014 1136.029   0.010
-163  46.455 121.412  15.391  74.234 205.287   0.004   0.010   0.002   0.012 1136.029   0.010
-162  46.393 121.446  15.394  74.217 205.014   0.004   0.010   0.001   0.010 1136.029   0.010
-161  46.332 121.479  15.396  74.200 204.742   0.004   0.010   0.001   0.010 1136.029   0.010
-160  46.271 121.513  15.399  74.183 204.471   0.004   0.010   0.001   0.010 1136.029   0.010
-159  46.210 121.546  15.401  74.165 204.202   0.005   0.010   0.001   0.010 1136.029   0.010
-158  46.149 121.579  15.404  74.148 203.935   0.005   0.010   0.002   0.010 1136.029   0.010
-157  46.087 121.612  15.406  74.131 203.669   0.005   0.010   0.007   0.011 1136.029   0.010
-156  46.026 121.646  15.409  74.114 203.404   0.005   0.010   0.008   0.010 1136.029   0.010
-155  45.965 121.679  15.411  74.097 203.141   0.006   0.010   0.008   0.010 1136.029   0.010
-154  45.904 121.712  15.414  74.080 202.880   0.006   0.010   0.008   0.010 1136.029   0.010
-153  45.842 121.744  15.416  74.063 202.620   0.007   0.010   0.009   0.010 1136.029   0.010
-152  45.781 121.777  15.419  74.046 202.362   0.007   0.010   0.010   0.011 1136.029   0.010
-151  45.720 121.810  15.421  74.029 202.105   0.008   0.010   0.010   0.012 1136.029   0.010
-150  45.658 121.843  15.424  74.012 201.850   0.008   0.010   0.010   0.013 1136.029   0.010
-149  45.597 121.875  15.426  73.995 201.596   0.009   0.010   0.010   0.013 1136.029   0.010
-148  45.535 121.908  15.428  73.978 201.343   0.009   0.010   0.006   0.013 1136.029   0.010
-147  45.474 121.940  15.431  73.961 201.093   0.009   0.010  -0.005   0.013 1136.029   0.010
-146  45.412 121.973  15.433  73.945 200.843   0.009   0.010  -0.007   0.013 1136.029   0.010
-145  45.351 122.005  15.436  73.928 200.596   0.008   0.010  -0.007   0.014 1136.029   0.010
-144  45.289 122.037  15.438  73.911 200.350   0.008   0.010  -0.008   0.014 1136.029   0.010
-143  45.228 122.069  15.441  73.894 200.105   0.008   0.010  -0.002   0.014 1136.029   0.010
-142  45.166 122.101  15.443  73.877 199.862   0.007   0.010   0.010   0.015 1136.029   0.010
-141  45.105 122.133  15.445  73.860 199.620   0.007   0.010   0.014   0.014 1136.029   0.010
-140  45.043 122.165  15.448  73.844 199.380   0.007   0.010   0.014   0.014 1136.029   0.010
-139  44.981 122.197  15.450  73.827 199.142   0.007   0.010   0.014   0.013 1136.029   0.010
-138  44.920 122.229  15.453  73.810 198.904   0.007   0.010   0.013   0.011 1136.029   0.010
-137  44.858 122.260  15.455  73.793 198.669   0.007   0.010   0.012   0.011 1136.029   0.010
-136  44.796 122.292  15.457  73.777 198.435   0.007   0.010   0.012   0.012 1136.029   0.010
-135  44.735 122.324  15.460  73.760 198.203   0.007   0.010   0.012   0.013 1136.029   0.010
-134  44.673 122.355  15.462  73.743 197.972   0.007   0.010   0.012   0.013 1136.029   0.010
-133  44.611 122.387  15.464  73.727 197.742   0.007   0.010   0.007   0.013 1136.029   0.010
-132  44.549 122.418  15.467  73.710 197.514   0.007   0.010  -0.003   0.014 1136.029   0.010
-131  44.488 122.449  15.469  73.694 197.288   0.007   0.010  -0.006   0.016 1136.029   0.010
-130  44.426 122.480  15.471  73.677 197.063   0.007   0.010  -0.006   0.017 1136.029   0.010
-129  44.364 122.512  15.474  73.660 196.840   0.007   0.010  -0.006   0.018 1136.029   0.010
-128  44.302 122.543  15.476  73.644 196.618   0.008   0.010   0.003   0.019 1136.029   0.010
-127  44.240 122.574  15.479  73.627 196.398   0.008   0.010   0.025   0.019 1136.029   0.010
-126  44.178 122.605  15.481  73.611 196.179   0.008   0.010   0.031   0.020 1136.029   0.010
-125  44.116 122.635  15.483  73.594 195.962   0.009   0.010   0.031   0.021 1136.029   0.010
-124  44.055 122.666  15.486  73.578 195.747   0.009   0.010   0.031   0.022 1136.029   0.010
-123  43.993 122.697  15.488  73.562 195.533   0.010   0.010   0.021   0.022 1136.029   0.010
-122  43.931 122.728  15.490  73.545 195.320   0.011   0.010  -0.003   0.022 1136.029   0.010
-121  43.869 122.758  15.492  73.529 195.109   0.011   0.010  -0.010   0.021 1136.029   0.010
-120  43.807 122.789  15.495  73.512 194.900   0.011   0.010  -0.010   0.020 1136.029   0.010
-119  43.745 122.819  15.497  73.496 194.692   0.011   0.010  -0.010   0.018 1136.029   0.010
-118  43.683 122.850  15.499  73.480 194.486   0.011   0.010  -0.003   0.016 1136.029   0.010
-117  43.620 122.880  15.502  73.463 194.281   0.012   0.010   0.016   0.016 1136.029   0.010
-116  43.558 122.910  15.504  73.447 194.077   0.013   0.010   0.021   0.016 1136.029   0.010
-115  43.496 122.940  15.506  73.431 193.876   0.013   0.010   0.018   0.016 1136.029   0.010
-114  43.434 122.971  15.508  73.414 193.676   0.014   0.010   0.015   0.014 1136.029   0.010
-113  43.372 123.001  15.511  73.398 193.477   0.015   0.010   0.017   0.012 1136.029   0.010
-112  43.310 123.031  15.513  73.382 193.280   0.016   0.010   0.023   0.012 1136.029   0.010
-111  43.248 123.061  15.515  73.366 193.084   0.016   0.010   0.025   0.014 1136.029   0.010
-110  43.186 123.090  15.518  73.350 192.890   0.015   0.010   0.025   0.015 1136.029   0.010
-109  43.123 123.120  15.520  73.333 192.698   0.015   0.010   0.025   0.016 1136.029   0.010
-108  43.061 123.150  15.522  73.317 192.507   0.015   0.010   0.018   0.016 1136.029   0.010
-107  42.999 123.180  15.524  73.301 192.317   0.015   0.010   0.001   0.016 1136.029   0.010
-106  42.937 123.209  15.527  73.285 192.130   0.015   0.010  -0.004   0.016 1136.029   0.010
-105  42.874 123.239  15.529  73.269 191.943   0.015   0.010  -0.004   0.015 1136.029   0.010
-104  42.812 123.268  15.531  73.253 191.759   0.016   0.010  -0.004   0.015 1136.029   0.010
-103  42.750 123.298  15.533  73.237 191.575   0.016   0.010   0.002   0.014 1136.029   0.010
-102  42.687 123.327  15.536  73.221 191.394   0.017   0.010   0.016   0.016 1136.029   0.010
-101  42.625 123.356  15.538  73.205 191.214   0.017   0.010   0.020   0.017 1136.029   0.010
-100  42.563 123.385  15.540  73.189 191.035   0.018   0.010   0.020   0.017 1136.029   0.010
 -99  42.500 123.415  15.542  73.173 190.858   0.018   0.010   0.020   0.016 1136.029   0.010
 -98  42.438 123.444  15.544  73.157 190.683   0.018   0.010   0.024   0.015 1136.029   0.010
 -97  42.376 123.473  15.547  73.141 190.509   0.019   0.010   0.035   0.013 1136.029   0.010
 -96  42.313 123.502  15.549  73.125 190.336   0.019   0.010   0.038   0.014 1136.029   0.010
 -95  42.251 123.531  15.551  73.109 190.165   0.020   0.010   0.038   0.015 1136.029   0.010
 -94  42.188 123.560  15.553  73.094 189.996   0.020   0.010   0.038   0.016 1136.029   0.010
 -93  42.126 123.588  15.555  73.078 189.829   0.021   0.010   0.032   0.016 1136.029   0.010
 -92  42.063 123.617  15.558  73.062 189.662   0.022   0.010   0.017   0.016 1136.029   0.010
 -91  42.001 123.646  15.560  73.046 189.498   0.022   0.010   0.013   0.016 1136.029   0.010
 -90  41.938 123.674  15.562  73.030 189.335   0.022   0.010   0.013   0.015 1136.029   0.010
 -89  41.876 123.703  15.564  73.015 189.173   0.023   0.010   0.013   0.014 1136.029   0.010
 -88  41.813 123.731  15.566  72.999 189.013   0.023   0.010   0.017   0.013 1136.029   0.010
 -87  41.751 123.760  15.568  72.983 188.855   0.024   0.010   0.027   0.012 1136.029   0.010
 -86  41.688 123.788  15.571  72.968 188.698   0.024   0.010   0.030   0.013 1136.029   0.010
 -85  41.625 123.816  15.573  72.952 188.543   0.025   0.010   0.030   0.012 1136.029   0.010
 -84  41.563 123.845  15.575  72.936 188.389   0.026   0.010   0.030   0.012 1136.029   0.010
 -83  41.500 123.873  15.577  72.921 188.237   0.026   0.010   0.031   0.011 1136.029   0.010
 -82  41.438 123.901  15.579  72.905 188.086   0.026   0.010   0.035   0.013 1136.029   0.010
 -81  41.375 123.929  15.581  72.889 187.937   0.026   0.010   0.036   0.016 1136.029   0.010
 -80  41.312 123.957  15.583  72.874 187.790   0.026   0.010   0.036   0.018 1136.029   0.010
 -79  41.250 123.985  15.586  72.858 187.644   0.026   0.010   0.036   0.019 1136.029   0.010
 -78  41.187 124.013  15.588  72.843 187.499   0.026   0.010   0.027   0.019 1136.029   0.010
 -77  41.124 124.041  15.590  72.827 187.357   0.026   0.010   0.006   0.020 1136.029   0.010
 -76  41.061 124.068  15.592  72.812 187.215   0.027   0.010   0.001   0.022 1136.029   0.010
 -75  40.999 124.096  15.594  72.797 187.076   0.027   0.010   0.001   0.024 1136.029   0.010
 -74  40.936 124.124  15.596  72.781 186.937   0.028   0.010   0.001   0.025 1136.029   0.010
 -73  40.873 124.151  15.598  72.766 186.801   0.028   0.010   0.013   0.025 1136.029   0.010
 -72  40.810 124.179  15.600  72.750 186.666   0.028   0.010   0.046   0.027 1136.029   0.010
 -71  40.747 124.206  15.603  72.735 186.532   0.028   0.010   0.055   0.028 1136.029   0.010
 -70  40.685 124.234  15.605  72.720 186.401   0.027   0.010   0.054   0.029 1136.029   0.010
 -69  40.622 124.261  15.607  72.704 186.270   0.027   0.010   0.054   0.030 1136.029   0.010
 -68  40.559 124.289  15.609  72.689 186.141   0.027   0.010   0.039   0.030 1136.029   0.010
 -67  40.496 124.316  15.611  72.674 186.014   0.027   0.010   0.000   0.030 1136.029   0.010
 -66  40.433 124.343  15.613  72.659 185.889   0.027   0.010  -0.011   0.031 1136.029   0.010
 -65  40.370 124.370  15.615  72.643 185.764   0.027   0.010  -0.011   0.031 1136.029   0.010
 -64  40.307 124.397  15.617  72.628 185.642   0.027   0.010  -0.011   0.031 1136.029   0.010
 -63  40.244 124.424  15.619  72.613 185.521   0.027   0.010   0.005   0.031 1136.029   0.010
 -62  40.182 124.451  15.621  72.598 185.402   0.028   0.011   0.044   0.032 1136.029   0.010
 -61  40.119 124.478  15.623  72.583 185.284   0.028   0.010   0.055   0.032 1136.029   0.010
 -60  40.056 124.505  15.625  72.568 185.168   0.028   0.010   0.055   0.029 1136.029   0.010
 -59  39.993 124.532  15.627  72.552 185.053   0.028   0.010   0.055   0.025 1136.029   0.010
 -58  39.930 124.559  15.630  72.537 184.940   0.029   0.010   0.055   0.020 1136.029   0.010
 -57  39.867 124.585  15.632  72.522 184.828   0.028   0.010   0.053   0.016 1136.029   0.010
 -56  39.804 124.612  15.634  72.507 184.718   0.028   0.010   0.052   0.016 1136.029   0.010
 -55  39.741 124.639  15.636  72.492 184.610   0.028   0.010   0.039   0.016 1136.029   0.010
 -54  39.678 124.665  15.638  72.477 184.503   0.028   0.010   0.021   0.015 1136.029   0.010
 -53  39.614 124.692  15.640  72.462 184.397   0.028   0.010   0.023   0.015 1136.029   0.010
 -52  39.551 124.718  15.642  72.448 184.294   0.028   0.010   0.041   0.017 1136.029   0.010
 -51  39.488 124.745  15.644  72.433 184.192   0.028   0.010   0.046   0.019 1136.029   0.010
 -50  39.425 124.771  15.646  72.418 184.091   0.029   0.010   0.046   0.019 1136.029   0.010
 -49  39.362 124.797  15.648  72.403 183.992   0.029   0.010   0.046   0.020 1136.029   0.010
 -48  39.299 124.823  15.650  72.388 183.895   0.029   0.010   0.037   0.021 1136.029   0.010
 -47  39.236 124.850  15.652  72.373 183.799   0.030   0.010   0.014   0.021 1136.029   0.010
 -46  39.173 124.876  15.654  72.358 183.704   0.031   0.010   0.007   0.020 1136.029   0.010
 -45  39.110 124.902  15.656  72.344 183.612   0.032   0.010   0.007   0.019 1136.029   0.010
 -44  39.046 124.928  15.658  72.329 183.520   0.033   0.010   0.007   0.018 1136.029   0.010
 -43  38.983 124.954  15.660  72.314 183.431   0.033   0.010   0.014   0.016 1136.029   0.010
 -42  38.920 124.980  15.662  72.300 183.343   0.034   0.010   0.032   0.015 1136.029   0.010
 -41  38.857 125.005  15.664  72.285 183.256   0.035   0.010   0.037   0.015 1136.029   0.010
 -40  38.794 125.031  15.666  72.270 183.171   0.036   0.010   0.037   0.015 1136.029   0.010
 -39  38.730 125.057  15.668  72.256 183.088   0.037   0.010   0.037   0.015 1136.029   0.010
 -38  38.667 125.083  15.670  72.241 183.006   0.037   0.010   0.032   0.015 1136.029   0.010
 -37  38.604 125.108  15.672  72.226 182.926   0.038   0.010   0.019   0.015 1136.029   0.010
 -36  38.541 125.134  15.674  72.212 182.847   0.039   0.010   0.016   0.015 1136.029   0.010
 -35  38.477 125.160  15.676  72.197 182.770   0.039   0.010   0.016   0.014 1136.029   0.010
 -34  38.414 125.185  15.678  72.183 182.695   0.040   0.010   0.016   0.014 1136.029   0.010
 -33  38.351 125.211  15.680  72.168 182.621   0.040   0.010   0.021   0.013 1136.029   0.010
 -32  38.288 125.236  15.682  72.154 182.549   0.041   0.010   0.034   0.013 1136.029   0.010
 -31  38.224 125.261  15.684  72.140 182.478   0.042   0.010   0.037   0.013 1136.029   0.010
 -30  38.161 125.287  15.686  72.125 182.409   0.043   0.010   0.037   0.013 1136.029   0.010
 -29  38.098 125.312  15.688  72.111 182.341   0.044   0.010   0.037   0.012 1136.029   0.010
 -28  38.034 125.337  15.690  72.096 182.275   0.045   0.010   0.038   0.011 1136.029   0.010
 -27  37.971 125.362  15.691  72.082 182.211   0.045   0.010   0.040   0.011 1136.029   0.010
 -26  37.907 125.387  15.693  72.068 182.148   0.045   0.010   0.041   0.011 1136.029   0.010
 -25  37.844 125.412  15.695  72.053 182.087   0.044   0.010   0.041   0.011 1136.029   0.010
 -24  37.781 125.437  15.697  72.039 182.027   0.044   0.010   0.041   0.012 1136.029   0.010
 -23  37.717 125.462  15.699  72.025 181.969   0.044   0.010   0.043   0.011 1136.029   0.010
 -22  37.654 125.487  15.701  72.011 181.912   0.044   0.010   0.050   0.011 1136.029   0.010
 -21  37.590 125.512  15.703  71.997 181.857   0.044   0.010   0.052   0.011 1136.029   0.010
 -20  37.527 125.537  15.705  71.982 181.804   0.045   0.010   0.052   0.011 1136.029   0.010
 -19  37.464 125.562  15.707  71.968 181.752   0.045   0.010   0.052   0.011 1136.029   0.010
 -18  37.400 125.586  15.709  71.954 181.702   0.046   0.010   0.052   0.010 1136.029   0.010
 -17  37.337 125.611  15.711  71.940 181.653   0.046   0.010   0.053   0.010 1136.029   0.010
 -16  37.273 125.636  15.713  71.926 181.606   0.045   0.010   0.053   0.011 1136.029   0.010
 -15  37.210 125.660  15.715  71.912 181.560   0.045   0.010   0.053   0.011 1136.029   0.010
 -14  37.146 125.685  15.717  71.898 181.516   0.044   0.010   0.053   0.011 1136.029   0.010
 -13  37.083 125.709  15.718  71.884 181.474   0.044   0.010   0.056   0.011 1136.029   0.010
 -12  37.019 125.734  15.720  71.870 181.433   0.045   0.010   0.062   0.011 1136.029   0.010
 -11  36.956 125.758  15.722  71.856 181.394   0.045   0.010   0.063   0.011 1136.029   0.010
 -10  36.892 125.783  15.724  71.842 181.356   0.046   0.010   0.063   0.011 1136.029   0.010
  -9  36.829 125.807  15.726  71.828 181.320   0.047   0.010   0.063   0.010 1136.029   0.010
  -8  36.765 125.831  15.728  71.814 181.286   0.047   0.010   0.064   0.010 1136.029   0.010
  -7  36.702 125.855  15.730  71.800 181.253   0.048   0.010   0.065   0.010 1136.029   0.010
  -6  36.638 125.879  15.732  71.787 181.221   0.049   0.010   0.065   0.010 1136.029   0.010
  -5  36.574 125.904  15.734  71.773 181.192   0.049   0.010   0.065   0.010 1136.029   0.010
  -4  36.511 125.928  15.735  71.759 181.163   0.049   0.010   0.065   0.010 1136.029   0.010
  -3  36.447 125.952  15.737  71.745 181.137   0.049   0.010   0.065   0.010 1136.029   0.010
  -2  36.384 125.976  15.739  71.731 181.112   0.050   0.010   0.065   0.012 1136.029   0.010
  -1  36.320 126.000  15.741  71.718 181.088   0.050   0.010   0.065   0.014 1136.029   0.010
   0  36.257 126.023  15.743  71.704 181.066   0.051   0.010   0.065   0.014 1136.029   0.010
   1  36.193 126.047  15.745  71.690 181.046   0.052   0.010   0.065   0.014 1136.029   0.010
   2  36.129 126.071  15.747  71.677 181.027   0.053   0.010   0.059   0.014 1136.029   0.010
   3  36.066 126.095  15.748  71.663 181.010   0.053   0.010   0.046   0.017 1136.029   0.010
   4  36.002 126.119  15.750  71.650 180.995   0.053   0.010   0.042   0.019 1136.029   0.010
   5  35.938 126.142  15.752  71.636 180.981   0.052   0.010   0.049   0.021 1136.029   0.010
   6  35.875 126.166  15.754  71.623 180.968   0.052   0.010   0.058   0.021 1136.029   0.010
   7  35.811 126.189  15.756  71.609 180.958   0.052   0.010   0.050   0.020 1136.029   0.010
   8  35.747 126.213  15.758  71.596 180.948   0.052   0.010   0.024   0.019 1136.029   0.010
   9  35.684 126.236  15.760  71.582 180.941   0.052   0.010   0.017   0.019 1136.029   0.010
  10  35.620 126.260  15.761  71.569 180.935   0.053   0.010   0.017   0.019 1136.029   0.010
  11  35.556 126.283  15.763  71.555 180.930   0.053   0.010   0.017   0.019 1136.029   0.010
  12  35.493 126.307  15.765  71.542 180.927   0.053   0.010   0.024   0.018 1136.029   0.010
  13  35.429 126.330  15.767  71.529 180.926   0.053   0.010   0.044   0.017 1136.029   0.010
  14  35.365 126.353  15.769  71.515 180.926   0.053   0.010   0.050   0.018 1136.029   0.010
  15  35.301 126.376  15.770  71.502 180.928   0.053   0.010   0.050   0.017 1136.029   0.010
  16  35.238 126.400  15.772  71.489 180.931   0.052   0.010   0.049   0.017 1136.029   0.010
  17  35.174 126.423  15.774  71.475 180.936   0.052   0.010   0.043   0.016 1136.029   0.010
  18  35.110 126.446  15.776  71.462 180.943   0.052   0.010   0.026   0.016 1136.029   0.010
  19  35.046 126.469  15.778  71.449 180.951   0.052   0.010   0.022   0.018 1136.029   0.010
  20  34.983 126.492  15.780  71.436 180.961   0.052   0.010   0.022   0.019 1136.029   0.010
  21  34.919 126.515  15.781  71.423 180.972   0.051   0.010   0.021   0.020 1136.029   0.010
  22  34.855 126.538  15.783  71.410 180.985   0.051   0.010   0.031   0.021 1136.029   0.010
  23  34.791 126.561  15.785  71.397 181.000   0.051   0.010   0.054   0.022 1136.029   0.010
  24  34.728 126.584  15.787  71.383 181.016   0.051   0.010   0.061   0.022 1136.029   0.010
  25  34.664 126.606  15.789  71.370 181.033   0.051   0.010   0.061   0.021 1136.029   0.010
  26  34.600 126.629  15.790  71.357 181.052   0.050   0.010   0.061   0.019 1136.029   0.010
  27  34.536 126.652  15.792  71.344 181.073   0.050   0.010   0.062   0.015 1136.029   0.010
  28  34.472 126.675  15.794  71.331 181.096   0.050   0.010   0.066   0.011 1136.029   0.010
  29  34.409 126.697  15.796  71.319 181.120   0.050   0.010   0.067   0.011 1136.029   0.010
  30  34.345 126.720  15.797  71.306 181.145   0.049   0.010   0.067   0.011 1136.029   0.010
  31  34.281 126.742  15.799  71.293 181.172   0.049   0.010   0.067   0.011 1136.029   0.010
  32  34.217 126.765  15.801  71.280 181.201   0.048   0.010   0.064   0.011 1136.029   0.010
  33  34.153 126.787  15.803  71.267 181.231   0.048   0.010   0.057   0.011 1136.029   0.010
  34  34.089 126.810  15.805  71.254 181.263   0.047   0.010   0.054   0.012 1136.029   0.010
  35  34.025 126.832  15.806  71.241 181.297   0.047   0.010   0.054   0.011 1136.029   0.010
  36  33.962 126.855  15.808  71.229 181.332   0.046   0.010   0.054   0.011 1136.029   0.010
  37  33.898 126.877  15.810  71.216 181.368   0.046   0.010   0.053   0.011 1136.029   0.010
  38  33.834 126.899  15.812  71.203 181.407   0.045   0.010   0.049   0.010 1136.029   0.010
  39  33.770 126.922  15.813  71.191 181.446   0.045   0.010   0.048   0.011 1136.029   0.010
  40  33.706 126.944  15.815  71.178 181.488   0.045   0.010   0.048   0.011 1136.029   0.010
  41  33.642 126.966  15.817  71.165 181.531   0.044   0.010   0.048   0.011 1136.029   0.010
  42  33.578 126.988  15.819  71.153 181.575   0.044   0.010   0.050   0.011 1136.029   0.010
  43  33.514 127.010  15.820  71.140 181.621   0.044   0.010   0.057   0.012 1136.029   0.010
  44  33.451 127.032  15.822  71.128 181.669   0.044   0.010   0.059   0.013 1136.029   0.010
  45  33.387 127.054  15.824  71.115 181.718   0.043   0.010   0.059   0.013 1136.029   0.010
  46  33.323 127.076  15.826  71.103 181.769   0.043   0.010   0.059   0.014 1136.029   0.010
  47  33.259 127.098  15.827  71.090 181.822   0.043   0.010   0.053   0.014 1136.029   0.010
  48  33.195 127.120  15.829  71.078 181.876   0.043   0.010   0.039   0.014 1136.029   0.010
  49  33.131 127.142  15.831  71.065 181.931   0.042   0.010   0.035   0.014 1136.029   0.010
  50  33.067 127.164  15.832  71.053 181.988   0.042   0.010   0.035   0.014 1136.029   0.010
  51  33.003 127.185  15.834  71.041 182.047   0.042   0.010   0.035   0.013 1136.029   0.010
  52  32.939 127.207  15.836  71.028 182.108   0.042   0.010   0.039   0.013 1136.029   0.010
  53  32.875 127.229  15.838  71.016 182.169   0.042   0.010   0.048   0.013 1136.029   0.010
  54  32.811 127.251  15.839  71.004 182.233   0.042   0.010   0.051   0.013 1136.029   0.010
  55  32.747 127.272  15.841  70.991 182.298   0.041   0.010   0.051   0.013 1136.029   0.010
  56  32.683 127.294  15.843  70.979 182.365   0.041   0.010   0.051   0.013 1136.029   0.010
  57  32.619 127.315  15.844  70.967 182.433   0.041   0.010   0.045   0.013 1136.029   0.010
  58  32.556 127.337  15.846  70.955 182.503   0.040   0.010   0.031   0.013 1136.029   0.010
  59  32.492 127.358  15.848  70.943 182.574   0.039   0.010   0.028   0.013 1136.029   0.010
  60  32.428 127.380  15.850  70.930 182.647   0.038   0.010   0.027   0.013 1136.029   0.010
  61  32.364 127.401  15.851  70.918 182.722   0.037   0.010   0.027   0.012 1136.029   0.010
  62  32.300 127.423  15.853  70.906 182.798   0.036   0.010   0.030   0.011 1136.029   0.010
  63  32.236 127.444  15.855  70.894 182.876   0.035   0.010   0.035   0.011 1136.029   0.010
  64  32.172 127.465  15.856  70.882 182.955   0.035   0.010   0.037   0.011 1136.029   0.010
  65  32.108 127.486  15.858  70.870 183.036   0.035   0.010   0.035   0.011 1136.029   0.010
  66  32.044 127.508  15.860  70.858 183.118   0.034   0.010   0.032   0.011 1136.029   0.010
  67  31.980 127.529  15.861  70.846 183.202   0.034   0.010   0.030   0.010 1136.029   0.010
  68  31.916 127.550  15.863  70.835 183.288   0.033   0.010   0.027   0.011 1136.029   0.010
  69  31.852 127.571  15.865  70.823 183.375   0.032   0.010   0.027   0.012 1136.029   0.010
  70  31.788 127.592  15.866  70.811 183.464   0.031   0.010   0.027   0.012 1136.029   0.010
  71  31.724 127.613  15.868  70.799 183.554   0.030   0.010   0.027   0.012 1136.029   0.010
  72  31.660 127.634  15.870  70.787 183.646   0.029   0.010   0.022   0.012 1136.029   0.010
  73  31.596 127.655  15.871  70.775 183.740   0.028   0.010   0.012   0.012 1136.029   0.010
  74  31.532 127.676  15.873  70.764 183.835   0.028   0.010   0.009   0.012 1136.029   0.010
  75  31.468 127.697  15.875  70.752 183.932   0.027   0.010   0.009   0.013 1136.029   0.010
  76  31.404 127.718  15.876  70.740 184.030   0.027   0.010   0.009   0.013 1136.029   0.010
  77  31.340 127.739  15.878  70.729 184.130   0.026   0.010   0.013   0.013 1136.029   0.010
  78  31.276 127.759  15.880  70.717 184.231   0.026   0.010   0.023   0.014 1136.029   0.010
  79  31.212 127.780  15.881  70.705 184.334   0.025   0.010   0.026   0.014 1136.029   0.010
  80  31.148 127.801  15.883  70.694 184.439   0.025   0.010   0.026   0.013 1136.029   0.010
  81  31.084 127.822  15.885  70.682 184.545   0.026   0.010   0.026   0.012 1136.029   0.010
  82  31.020 127.842  15.886  70.671 184.653   0.026   0.010   0.027   0.011 1136.029   0.010
  83  30.956 127.863  15.888  70.659 184.762   0.025   0.010   0.028   0.010 1136.029   0.010
  84  30.892 127.883  15.890  70.648 184.873   0.025   0.010   0.028   0.010 1136.029   0.010
  85  30.828 127.904  15.891  70.636 184.986   0.025   0.010   0.028   0.010 1136.029   0.010
  86  30.764 127.925  15.893  70.625 185.100   0.024   0.010   0.028   0.010 1136.029   0.010
  87  30.700 127.945  15.895  70.614 185.215   0.024   0.010   0.028   0.010 1136.029   0.010
  88  30.635 127.965  15.896  70.602 185.332   0.024   0.010   0.027   0.010 1136.029   0.010
  89  30.571 127.986  15.898  70.591 185.451   0.023   0.010   0.027   0.010 1136.029   0.010
  90  30.507 128.006  15.899  70.580 185.572   0.023   0.010   0.027   0.010 1136.029   0.010
  91  30.443 128.027  15.901  70.568 185.694   0.022   0.010   0.027   0.010 1136.029   0.010
  92  30.379 128.047  15.903  70.557 185.817   0.022   0.010   0.028   0.010 1136.029   0.010
  93  30.315 128.067  15.904  70.546 185.942   0.022   0.010   0.031   0.011 1136.029   0.010
  94  30.251 128.087  15.906  70.535 186.069   0.022   0.010   0.031   0.011 1136.029   0.010
  95  30.187 128.108  15.908  70.524 186.197   0.022   0.010   0.031   0.011 1136.029   0.010
  96  30.123 128.128  15.909  70.512 186.327   0.022   0.010   0.031   0.011 1136.029   0.010
  97  30.059 128.148  15.911  70.501 186.458   0.022   0.010   0.028   0.012 1136.029   0.010
  98  29.995 128.168  15.912  70.490 186.591   0.022   0.010   0.021   0.012 1136.029   0.010
  99  29.931 128.188  15.914  70.479 186.726   0.022   0.010   0.019   0.012 1136.029   0.010
 100  29.867 128.208  15.916  70.468 186.862   0.022   0.010   0.019   0.011 1136.029   0.010
 101  29.803 128.228  15.917  70.457 187.000   0.021   0.010   0.019   0.011 1136.029   0.010
 102  29.739 128.248  15.919  70.446 187.139   0.021   0.010   0.019   0.010 1136.029   0.010
 103  29.675 128.268  15.920  70.435 187.280   0.021   0.010   0.019   0.011 1136.029   0.010
 104  29.611 128.288  15.922  70.424 187.422   0.021   0.010   0.019   0.012 1136.029   0.010
 105  29.547 128.308  15.924  70.413 187.566   0.021   0.010   0.019   0.012 1136.029   0.010
 106  29.483 128.328  15.925  70.403 187.712   0.021   0.010   0.019   0.012 1136.029   0.010
 107  29.419 128.348  15.927  70.392 187.859   0.021   0.010   0.022   0.012 1136.029   0.010
 108  29.355 128.368  15.928  70.381 188.007   0.021   0.010   0.032   0.013 1136.029   0.010
 109  29.291 128.387  15.930  70.370 188.158   0.021   0.010   0.034   0.013 1136.029   0.010
 110  29.227 128.407  15.932  70.359 188.309   0.022   0.010   0.034   0.014 1136.029   0.010
 111  29.163 128.427  15.933  70.349 188.463   0.022   0.010   0.034   0.014 1136.029   0.010
 112  29.099 128.446  15.935  70.338 188.618   0.022   0.010   0.029   0.014 1136.029   0.010
 113  29.034 128.466  15.936  70.327 188.774   0.022   0.010   0.016   0.014 1136.029   0.010
 114  28.970 128.486  15.938  70.317 188.933   0.022   0.010   0.013   0.014 1136.029   0.010
 115  28.906 128.505  15.939  70.306 189.092   0.022   0.010   0.012   0.013 1136.029   0.010
 116  28.842 128.525  15.941  70.296 189.254   0.022   0.010   0.012   0.012 1136.029   0.010
 117  28.778 128.544  15.943  70.285 189.416   0.022   0.010   0.014   0.011 1136.029   0.010
 118  28.714 128.564  15.944  70.275 189.581   0.022   0.010   0.017   0.010 1136.029   0.010
 119  28.650 128.583  15.946  70.264 189.747   0.022   0.010   0.018   0.011 1136.029   0.010
 120  28.586 128.603  15.947  70.254 189.914   0.022   0.010   0.018   0.011 1136.029   0.010
 121  28.522 128.622  15.949  70.243 190.083   0.022   0.010   0.018   0.013 1136.029   0.010
 122  28.458 128.641  15.950  70.233 190.254   0.022   0.010   0.018   0.013 1136.029   0.010
 123  28.394 128.661  15.952  70.222 190.426   0.022   0.010   0.020   0.013 1136.029   0.010
 124  28.330 128.680  15.954  70.212 190.600   0.022   0.010   0.021   0.014 1136.029   0.010
 125  28.266 128.699  15.955  70.202 190.776   0.022   0.010   0.028   0.015 1136.029   0.010
 126  28.202 128.718  15.957  70.192 190.953   0.021   0.010   0.039   0.016 1136.029   0.010
 127  28.138 128.738  15.958  70.181 191.131   0.021   0.010   0.033   0.016 1136.029   0.010
 128  28.074 128.757  15.960  70.171 191.311   0.021   0.010   0.009   0.016 1136.029   0.010
 129  28.010 128.776  15.961  70.161 191.493   0.021   0.010   0.003   0.016 1136.029   0.010
 130  27.946 128.795  15.963  70.151 191.676   0.020   0.010   0.003   0.016 1136.029   0.010
 131  27.882 128.814  15.964  70.141 191.861   0.020   0.010   0.003   0.016 1136.029   0.010
 132  27.818 128.833  15.966  70.130 192.047   0.020   0.010   0.007   0.014 1136.029   0.010
 133  27.754 128.852  15.967  70.120 192.235   0.019   0.010   0.017   0.014 1136.029   0.010
 134  27.690 128.871  15.969  70.110 192.425   0.019   0.010   0.020   0.015 1136.029   0.010
 135  27.626 128.890  15.971  70.100 192.616   0.019   0.010   0.020   0.015 1136.029   0.010
 136  27.562 128.909  15.972  70.090 192.808   0.019   0.010   0.020   0.015 1136.029   0.010
 137  27.498 128.928  15.974  70.080 193.002   0.018   0.010   0.022   0.013 1136.029   0.010
 138  27.434 128.947  15.975  70.070 193.198   0.018   0.010   0.030   0.012 1136.029   0.010
 139  27.370 128.966  15.977  70.060 193.395   0.018   0.010   0.032   0.012 1136.029   0.010
 140  27.306 128.985  15.978  70.051 193.594   0.018   0.010   0.032   0.012 1136.029   0.010
 141  27.242 129.003  15.980  70.041 193.795   0.018   0.010   0.032   0.012 1136.029   0.010
 142  27.178 129.022  15.981  70.031 193.997   0.018   0.010   0.028   0.012 1136.029   0.010
 143  27.114 129.041  15.983  70.021 194.200   0.018   0.010   0.020   0.012 1136.029   0.010
 144  27.050 129.060  15.984  70.011 194.405   0.018   0.010   0.017   0.012 1136.029   0.010
 145  26.986 129.078  15.986  70.002 194.612   0.018   0.010   0.017   0.012 1136.029   0.010
 146  26.922 129.097  15.987  69.992 194.820   0.018   0.010   0.017   0.012 1136.029   0.010
 147  26.858 129.116  15.989  69.982 195.030   0.018   0.010   0.016   0.011 1136.029   0.010
 148  26.794 129.134  15.990  69.972 195.241   0.018   0.010   0.014   0.011 1136.029   0.010
 149  26.730 129.153  15.992  69.963 195.454   0.017   0.010   0.013   0.013 1136.029   0.010
 150  26.666 129.171  15.993  69.953 195.669   0.016   0.010   0.013   0.014 1136.029   0.010
 151  26.602 129.190  15.995  69.944 195.885   0.016   0.010   0.013   0.015 1136.029   0.010
 152  26.538 129.208  15.996  69.934 196.102   0.015   0.010   0.018   0.014 1136.029   0.010
 153  26.474 129.227  15.998  69.925 196.321   0.015   0.010   0.031   0.016 1136.029   0.010
 154  26.410 129.245  15.999  69.915 196.542   0.015   0.010   0.034   0.017 1136.029   0.010
 155  26.346 129.264  16.001  69.906 196.764   0.015   0.010   0.034   0.019 1136.029   0.010
 156  26.282 129.282  16.002  69.896 196.988   0.014   0.010   0.034   0.020 1136.029   0.010
 157  26.218 129.300  16.004  69.887 197.213   0.014   0.010   0.025   0.020 1136.029   0.010
 158  26.154 129.319  16.005  69.878 197.440   0.014   0.010   0.001   0.020 1136.029   0.010
 159  26.090 129.337  16.007  69.868 197.669   0.014   0.010  -0.006   0.020 1136.029   0.010
 160  26.027 129.355  16.008  69.859 197.899   0.015   0.010  -0.006   0.019 1136.029   0.010
 161  25.963 129.374  16.010  69.850 198.130   0.015   0.010  -0.006   0.019 1136.029   0.010
 162  25.899 129.392  16.011  69.840 198.364   0.015   0.010   0.001   0.018 1136.029   0.010
 163  25.835 129.410  16.013  69.831 198.598   0.014   0.010   0.019   0.017 1136.029   0.010
 164  25.771 129.428  16.014  69.822 198.834   0.014   0.010   0.025   0.017 1136.029   0.010
 165  25.707 129.446  16.016  69.813 199.072   0.014   0.010   0.025   0.016 1136.029   0.010
 166  25.643 129.464  16.017  69.804 199.312   0.013   0.010   0.025   0.015 1136.029   0.010
 167  25.579 129.482  16.019  69.795 199.552   0.013   0.010   0.021   0.013 1136.029   0.010
 168  25.515 129.500  16.020  69.785 199.795   0.013   0.010   0.010   0.013 1136.029   0.010
 169  25.451 129.519  16.022  69.776 200.039   0.012   0.010   0.007   0.014 1136.029   0.010
 170  25.387 129.537  16.023  69.767 200.284   0.012   0.010   0.007   0.014 1136.029   0.010
 171  25.324 129.554  16.025  69.758 200.532   0.012   0.010   0.007   0.013 1136.029   0.010
 172  25.260 129.572  16.026  69.749 200.780   0.011   0.010   0.005   0.012 1136.029   0.010
 173  25.196 129.590  16.028  69.741 201.030   0.011   0.010  -0.003   0.012 1136.029   0.010
 174  25.132 129.608  16.029  69.732 201.282   0.010   0.010  -0.005   0.014 1136.029   0.010
 175  25.068 129.626  16.030  69.723 201.535   0.010   0.010  -0.005   0.015 1136.029   0.010
 176  25.004 129.644  16.032  69.714 201.790   0.010   0.010  -0.005   0.016 1136.029   0.010
 177  24.940 129.662  16.033  69.705 202.047   0.009   0.010   0.001   0.016 1136.029   0.010
 178  24.877 129.680  16.035  69.696 202.304   0.009   0.010   0.016   0.016 1136.029   0.010
 179  24.813 129.697  16.036  69.688 202.564   0.008   0.010   0.020   0.015 1136.029   0.010
 180  24.749 129.715  16.038  69.679 202.825   0.008   0.010   0.020   0.014 1136.029   0.010
 181  24.685 129.733  16.039  69.670 203.088   0.008   0.010   0.020   0.013 1136.029   0.010
 182  24.621 129.751  16.041  69.661 203.352   0.008   0.010   0.017   0.012 1136.029   0.010
 183  24.557 129.768  16.042  69.653 203.617   0.008   0.010   0.010   0.011 1136.029   0.010
 184  24.494 129.786  16.044  69.644 203.884   0.008   0.010   0.007   0.012 1136.029   0.010
 185  24.430 129.803  16.045  69.636 204.153   0.008   0.010   0.011   0.012 1136.029   0.010
 186  24.366 129.821  16.046  69.627 204.423   0.009   0.010   0.017   0.011 1136.029   0.010
 187  24.302 129.839  16.048  69.619 204.695   0.009   0.010   0.015   0.011 1136.029   0.010
 188  24.238 129.856  16.049  69.610 204.969   0.009   0.010   0.008   0.011 1136.029   0.010
 189  24.175 129.874  16.051  69.602 205.243   0.009   0.010   0.006   0.012 1136.029   0.010
 190  24.111 129.891  16.052  69.593 205.520   0.009   0.010   0.006   0.012 1136.029   0.010
 191  24.047 129.909  16.054  69.585 205.798   0.009   0.010   0.006   0.013 1136.029   0.010
 192  23.983 129.926  16.055  69.576 206.077   0.009   0.010   0.004   0.012 1136.029   0.010
 193  23.919 129.944  16.056  69.568 206.358   0.008   0.010  -0.003   0.013 1136.029   0.010
 194  23.856 129.961  16.058  69.560 206.641   0.009   0.010  -0.005   0.014 1136.029   0.010
 195  23.792 129.978  16.059  69.551 206.925   0.009   0.010  -0.005   0.016 1136.029   0.010
 196  23.728 129.996  16.061  69.543 207.211   0.009   0.010  -0.005   0.017 1136.029   0.010
 197  23.664 130.013  16.062  69.535 207.498   0.009   0.010   0.002   0.017 1136.029   0.010
 198  23.601 130.030  16.064  69.527 207.787   0.008   0.010   0.021   0.017 1136.029   0.010
 199  23.537 130.048  16.065  69.519 208.077   0.008   0.010   0.026   0.017 1136.029   0.010
 200  23.473 130.065  16.066  69.511 208.369   0.008   0.010   0.026   0.017 1136.029   0.010
 201  23.410 130.082  16.068  69.502 208.662   0.007   0.010   0.026   0.016 1136.029   0.010
 202  23.346 130.099  16.069  69.494 208.957   0.007   0.010   0.020   0.016 1136.029   0.010
 203  23.282 130.116  16.071  69.486 209.253   0.007   0.010   0.005   0.016 1136.029   0.010
 204  23.218 130.134  16.072  69.478 209.551   0.008   0.010   0.001   0.016 1136.029   0.010
 205  23.155 130.151  16.074  69.470 209.851   0.008   0.010   0.001   0.015 1136.029   0.010
 206  23.091 130.168  16.075  69.462 210.152   0.009   0.010   0.001   0.014 1136.029   0.010
 207  23.027 130.185  16.076  69.454 210.454   0.010   0.010   0.001   0.012 1136.029   0.010
 208  22.964 130.202  16.078  69.446 210.758   0.010   0.010   0.001   0.010 1136.029   0.010
 209  22.900 130.219  16.079  69.439 211.064   0.010   0.010   0.001   0.010 1136.029   0.010
 210  22.836 130.236  16.081  69.431 211.371   0.010   0.010   0.001   0.010 1136.029   0.010
 211  22.773 130.253  16.082  69.423 211.679   0.009   0.010   0.001   0.010 1136.029   0.010
 212  22.709 130.270  16.083  69.415 211.989   0.009   0.010   0.002   0.010 1136.029   0.010
 213  22.646 130.287  16.085  69.407 212.301   0.010   0.010   0.005   0.010 1136.029   0.010
 214  22.582 130.304  16.086  69.400 212.614   0.010   0.010   0.006   0.011 1136.029   0.010
 215  22.518 130.321  16.088  69.392 212.929   0.010   0.010   0.006   0.011 1136.029   0.010
 216  22.455 130.338  16.089  69.384 213.245   0.010   0.010   0.006   0.010 1136.029   0.010
 217  22.391 130.354  16.090  69.377 213.563   0.010   0.010   0.007   0.011 1136.029   0.010
 218  22.328 130.371  16.092  69.369 213.882   0.010   0.010   0.009   0.013 1136.029   0.010
 219  22.264 130.388  16.093  69.362 214.203   0.010   0.010   0.010   0.015 1136.029   0.010
 220  22.200 130.405  16.095  69.354 214.525   0.010   0.010   0.010   0.017 1136.029   0.010
 221  22.137 130.422  16.096  69.346 214.849   0.010   0.010   0.010   0.018 1136.029   0.010
 222  22.073 130.438  16.097  69.339 215.175   0.009   0.010   0.016   0.018 1136.029   0.010
 223  22.010 130.455  16.099  69.332 215.502   0.009   0.010   0.033   0.017 1136.029   0.010
 224  21.946 130.472  16.100  69.324 215.830   0.009   0.010   0.038   0.017 1136.029   0.010
 225  21.883 130.488  16.101  69.317 216.160   0.008   0.010   0.038   0.016 1136.029   0.010
 226  21.819 130.505  16.103  69.309 216.491   0.008   0.010   0.038   0.016 1136.029   0.010
 227  21.756 130.522  16.104  69.302 216.824   0.007   0.010   0.032   0.017 1136.029   0.010
 228  21.692 130.538  16.106  69.295 217.159   0.007   0.010   0.016   0.021 1136.029   0.010
 229  21.629 130.555  16.107  69.287 217.495   0.008   0.010   0.011   0.025 1136.029   0.010
 230  21.565 130.572  16.108  69.280 217.832   0.008   0.010   0.011   0.026 1136.029   0.010
 231  21.502 130.588  16.110  69.273 218.171   0.008   0.010   0.011   0.026 1136.029   0.010
 232  21.438 130.605  16.111  69.266 218.512   0.008   0.010   0.002   0.023 1136.029   0.010
 233  21.375 130.621  16.112  69.259 218.854   0.008   0.010  -0.021   0.021 1136.029   0.010
 234  21.311 130.638  16.114  69.251 219.197   0.008   0.010  -0.027   0.022 1136.029   0.010
 235  21.248 130.654  16.115  69.244 219.542   0.007   0.010  -0.027   0.023 1136.029   0.010
 236  21.184 130.670  16.117  69.237 219.889   0.007   0.010  -0.027   0.024 1136.029   0.010
 237  21.121 130.687  16.118  69.230 220.237   0.007   0.010  -0.016   0.025 1136.029   0.010
 238  21.058 130.703  16.119  69.223 220.587   0.007   0.010   0.015   0.025 1136.029   0.010
 239  20.994 130.720  16.121  69.216 220.938   0.007   0.010   0.023   0.024 1136.029   0.010
 240  20.931 130.736  16.122  69.209 221.290   0.006   0.010   0.023   0.023 1136.029   0.010
 241  20.867 130.752  16.123  69.202 221.645   0.006   0.010   0.023   0.021 1136.029   0.010
 242  20.804 130.769  16.125  69.195 222.000   0.005   0.010   0.015   0.018 1136.029   0.010
 243  20.741 130.785  16.126  69.189 222.357   0.005   0.010  -0.008   0.017 1136.029   0.010
 244  20.677 130.801  16.127  69.182 222.716   0.005   0.010  -0.014   0.018 1136.029   0.010
 245  20.614 130.817  16.129  69.175 223.076   0.004   0.010  -0.005   0.019 1136.029   0.010
 246  20.551 130.834  16.130  69.168 223.438   0.004   0.010   0.009   0.020 1136.029   0.010
 247  20.487 130.850  16.132  69.161 223.801   0.004   0.010   0.017   0.020 1136.029   0.010
 248  20.424 130.866  16.133  69.155 224.166   0.004   0.010   0.027   0.020 1136.029   0.010
 249  20.361 130.882  16.134  69.148 224.532   0.003   0.010   0.030   0.021 1136.029   0.010
 250  20.297 130.898  16.136  69.141 224.899   0.003   0.010   0.030   0.021 1136.029   0.010
 251  20.234 130.915  16.137  69.135 225.269   0.003   0.010   0.030   0.022 1136.029   0.010
 252  20.171 130.931  16.138  69.128 225.639   0.003   0.010   0.020   0.023 1136.029   0.010
 253  20.108 130.947  16.140  69.122 226.011   0.003   0.010  -0.008   0.023 1136.029   0.010
 254  20.044 130.963  16.141  69.115 226.385   0.002   0.010  -0.016   0.022 1136.029   0.010
 255  19.981 130.979  16.142  69.109 226.760   0.002   0.010  -0.016   0.021 1136.029   0.010
 256  19.918 130.995  16.144  69.102 227.137   0.002   0.010  -0.016   0.018 1136.029   0.010
 257  19.855 131.011  16.145  69.096 227.515   0.001   0.010  -0.015   0.014 1136.029   0.010
 258  19.791 131.027  16.146  69.089 227.894   0.001   0.010  -0.012   0.012 1136.029   0.010
 259  19.728 131.043  16.148  69.083 228.276   0.001   0.010  -0.011   0.013 1136.029   0.010
 260  19.665 131.059  16.149  69.076 228.658   0.000   0.010  -0.011   0.013 1136.029   0.010
 261  19.602 131.075  16.150  69.070 229.042  -0.000   0.010  -0.011   0.013 1136.029   0.010
 262  19.539 131.091  16.152  69.064 229.428  -0.001   0.010  -0.008   0.013 1136.029   0.010
 263  19.475 131.106  16.153  69.058 229.815  -0.001   0.010   0.001   0.013 1136.029   0.010
 264  19.412 131.122  16.154  69.051 230.204  -0.001   0.010   0.003   0.012 1136.029   0.010
 265  19.349 131.138  16.156  69.045 230.594  -0.001   0.010   0.003   0.012 1136.029   0.010
 266  19.286 131.154  16.157  69.039 230.985  -0.001   0.010   0.003   0.011 1136.029   0.010
 267  19.223 131.170  16.158  69.033 231.378  -0.002   0.010   0.003   0.011 1136.029   0.010
 268  19.160 131.186  16.160  69.027 231.773  -0.002   0.010   0.001   0.010 1136.029   0.010
 269  19.097 131.201  16.161  69.021 232.169  -0.002   0.010   0.001   0.010 1136.029   0.010
 270  19.034 131.217  16.162  69.014 232.566  -0.002   0.010   0.001   0.010 1136.029   0.010
 271  18.971 131.233  16.164  69.008 232.965  -0.003   0.010   0.001   0.010 1136.029   0.010
 272  18.907 131.249  16.165  69.002 233.366  -0.003   0.010   0.001   0.010 1136.029   0.010
 273  18.844 131.264  16.166  68.996 233.768  -0.003   0.010   0.001   0.011 1136.029   0.010
 274  18.781 131.280  16.167  68.991 234.171  -0.003   0.010   0.002   0.011 1136.029   0.010
 275  18.718 131.296  16.169  68.985 234.576  -0.003   0.010   0.002   0.012 1136.029   0.010
 276  18.655 131.311  16.170  68.979 234.982  -0.003   0.010   0.002   0.012 1136.029   0.010
 277  18.592 131.327  16.171  68.973 235.390  -0.003   0.010  -0.002   0.012 1136.029   0.010
 278  18.529 131.342  16.173  68.967 235.799  -0.003   0.010  -0.011   0.012 1136.029   0.010
 279  18.466 131.358  16.174  68.961 236.210  -0.003   0.010  -0.014   0.012 1136.029   0.010
 280  18.403 131.373  16.175  68.955 236.623  -0.003   0.010  -0.014   0.012 1136.029   0.010
 281  18.340 131.389  16.177  68.950 237.036  -0.002   0.010  -0.014   0.012 1136.029   0.010
 282  18.277 131.405  16.178  68.944 237.452  -0.002   0.010  -0.011   0.012 1136.029   0.010
 283  18.214 131.420  16.179  68.938 237.868  -0.003   0.010  -0.005   0.012 1136.029   0.010
 284  18.152 131.436  16.181  68.933 238.286  -0.003   0.010  -0.003   0.013 1136.029   0.010
 285  18.089 131.451  16.182  68.927 238.706  -0.003   0.010  -0.003   0.013 1136.029   0.010
 286  18.026 131.466  16.183  68.921 239.127  -0.003   0.010  -0.003   0.012 1136.029   0.010
 287  17.963 131.482  16.184  68.916 239.550  -0.003   0.010  -0.000   0.011 1136.029   0.010
 288  17.900 131.497  16.186  68.910 239.974  -0.003   0.010   0.005   0.011 1136.029   0.010
 289  17.837 131.513  16.187  68.905 240.400  -0.002   0.010   0.007   0.012 1136.029   0.010
 290  17.774 131.528  16.188  68.899 240.827  -0.002   0.010   0.007   0.013 1136.029   0.010
 291  17.711 131.543  16.190  68.894 241.255  -0.002   0.010   0.007   0.013 1136.029   0.010
 292  17.649 131.559  16.191  68.889 241.685  -0.001   0.010   0.003   0.013 1136.029   0.010
 293  17.586 131.574  16.192  68.883 242.116  -0.001   0.010  -0.009   0.013 1136.029   0.010
 294  17.523 131.589  16.194  68.878 242.549  -0.002   0.010  -0.012   0.013 1136.029   0.010
 295  17.460 131.605  16.195  68.872 242.984  -0.002   0.010  -0.012   0.013 1136.029   0.010
 296  17.397 131.620  16.196  68.867 243.419  -0.003   0.010  -0.012   0.013 1136.029   0.010
 297  17.335 131.635  16.197  68.862 243.857  -0.003   0.010  -0.008   0.013 1136.029   0.010
 298  17.272 131.650  16.199  68.857 244.295  -0.002   0.010   0.004   0.013 1136.029   0.010
 299  17.209 131.666  16.200  68.851 244.735  -0.001   0.010   0.007   0.013 1136.029   0.010
 300  17.146 131.681  16.201  68.846 245.177  -0.000   0.010   0.007   0.012 1136.029   0.010
